"Time (h)    ","1D and 2D:  ","H Vol In    ","H Vol Out   ","Q Vol In    ","Q Vol Out   ","Tot Vol In  ","Tot Vol Out ","Vol I-O     ","dVol        ","Vol Err     ","Q ME (%)    ","Vol I+O     ","Tot Vol     ","Cum Vol I+O ","Cum Vol Err ","Cum ME (%)  ","Cum Q ME (%)"
         0.000,              ,  0.000000    ,  0.000000    ,  0.000000    ,  0.000000    ,  0.000000    ,  0.000000    ,  0.000000    ,  0.000000    ,  0.000000    ,  0.000000    ,  0.000000    ,  269.3568    ,  0.000000    ,  0.000000    ,  0.000000    ,  0.000000    
         0.017,              ,  0.000000    ,  37.63922    ,  23.94684    ,  0.000000    ,  23.94684    ,  37.63922    , -13.69238    , -13.68436    , 0.8016405E-02, 0.1301659E-01,  61.58606    ,  255.6724    ,  61.58606    , 0.8016405E-02, 0.3135420E-02, 0.1301659E-01
         0.033,              ,  0.000000    ,  26.39045    ,  33.80691    ,  0.000000    ,  33.80691    ,  26.39045    ,  7.416459    ,  7.636518    , 0.2200582    , 0.3655612    ,  60.19736    ,  263.3089    ,  121.7834    , 0.2280746    , 0.8661864E-01, 0.1872789    
         0.050,              ,  0.000000    ,  21.28394    ,  231.6439    ,  0.000000    ,  231.6439    ,  21.28394    ,  210.3600    ,  210.5358    , 0.1758100    , 0.6950995E-01,  252.9279    ,  473.8447    ,  374.7113    , 0.4038846    , 0.8523565E-01, 0.1077855    
         0.067,              ,  0.000000    ,  17.67271    ,  432.7307    ,  0.000000    ,  432.7307    ,  17.67271    ,  415.0580    ,  415.5203    , 0.4623020    , 0.1026418    ,  450.4034    ,  889.3650    ,  825.1147    , 0.8661866    , 0.9739382E-01, 0.1049777    
         0.083,              ,  0.000000    ,  15.45214    ,  447.3824    ,  0.000000    ,  447.3824    ,  15.45214    ,  431.9302    ,  432.4058    , 0.4755571    , 0.1027488    ,  462.8345    ,  1321.771    ,  1287.949    ,  1.341744    , 0.1015111    , 0.1041768    
         0.100,              ,  0.000000    ,  13.95526    ,  598.1131    ,  0.000000    ,  598.1131    ,  13.95526    ,  584.1579    ,  584.9073    , 0.7494078    , 0.1224386    ,  612.0684    ,  1906.678    ,  1900.018    ,  2.091152    , 0.1096751    , 0.1100596    
         0.117,              ,  0.000000    ,  12.92212    ,  627.5162    ,  0.000000    ,  627.5162    ,  12.92212    ,  614.5941    ,  615.7063    ,  1.112183    , 0.1736596    ,  640.4383    ,  2522.384    ,  2540.456    ,  3.203334    , 0.1260929    , 0.1260929    
         0.133,              ,  0.000000    ,  12.37990    ,  657.2533    ,  0.000000    ,  657.2533    ,  12.37990    ,  644.8734    ,  645.8636    , 0.9901890    , 0.1478704    ,  669.6332    ,  3168.248    ,  3210.089    ,  4.193523    , 0.1306357    , 0.1306357    
         0.150,              ,  0.000000    ,  11.92400    ,  686.6134    ,  0.000000    ,  686.6134    ,  11.92400    ,  674.6894    ,  675.7172    ,  1.027852    , 0.1471435    ,  698.5374    ,  3843.965    ,  3908.627    ,  5.221376    , 0.1335860    , 0.1335860    
         0.167,              ,  0.000000    ,  11.85058    ,  717.0416    ,  0.000000    ,  717.0416    ,  11.85058    ,  705.1911    ,  705.2754    , 0.8437604E-01, 0.1157593E-01,  728.8922    ,  4549.241    ,  4637.519    ,  5.305752    , 0.1144093    , 0.1144093    
         0.183,              ,  0.000000    ,  11.97589    ,  809.0043    ,  0.000000    ,  809.0043    ,  11.97589    ,  797.0284    ,  796.8764    ,-0.1520146    ,-0.1851623E-01,  820.9802    ,  5346.117    ,  5458.499    ,  5.153737    , 0.9441675E-01, 0.9441675E-01
         0.200,              ,  0.000000    ,  12.57568    ,  824.8882    ,  0.000000    ,  824.8882    ,  12.57568    ,  812.3125    ,  813.3995    ,  1.086998    , 0.1297963    ,  837.4639    ,  6159.517    ,  6295.963    ,  6.240735    , 0.9912281E-01, 0.9912281E-01
         0.217,              ,  0.000000    ,  13.23306    ,  841.4680    ,  0.000000    ,  841.4680    ,  13.23306    ,  828.2349    ,  828.3087    , 0.7373951E-01, 0.8627521E-02,  854.7011    ,  6987.825    ,  7150.664    ,  6.314474    , 0.8830613E-01, 0.8830613E-01
         0.233,              ,  0.000000    ,  14.55931    ,  856.8113    ,  0.000000    ,  856.8113    ,  14.55931    ,  842.2520    ,  842.5092    , 0.2572083    , 0.2951767E-01,  871.3706    ,  7830.334    ,  8022.034    ,  6.571683    , 0.8192040E-01, 0.8192040E-01
         0.250,              ,  0.000000    ,  16.05431    ,  873.3360    ,  0.000000    ,  873.3360    ,  16.05431    ,  857.2817    ,  856.5705    ,-0.7112454    ,-0.7996999E-01,  889.3903    ,  8686.905    ,  8911.425    ,  5.860437    , 0.6576319E-01, 0.6576319E-01
         0.267,              ,  0.000000    ,  18.27148    ,  920.5175    ,  0.000000    ,  920.5175    ,  18.27148    ,  902.2460    ,  903.6958    ,  1.449776    , 0.1544305    ,  938.7889    ,  9590.601    ,  9850.214    ,  7.310214    , 0.7421376E-01, 0.7421376E-01
         0.283,              ,  0.000000    ,  21.30398    ,  950.9074    ,  0.000000    ,  950.9074    ,  21.30398    ,  929.6034    ,  930.1391    , 0.5356719    , 0.5509830E-01,  972.2114    ,  10520.74    ,  10822.43    ,  7.845885    , 0.7249656E-01, 0.7249656E-01
         0.300,              ,  0.000000    ,  25.14682    ,  980.3432    ,  0.000000    ,  980.3432    ,  25.14682    ,  955.1963    ,  955.5998    , 0.4035099    , 0.4013067E-01,  1005.490    ,  11476.34    ,  11827.92    ,  8.249395    , 0.6974514E-01, 0.6974514E-01
         0.317,              ,  0.000000    ,  30.68295    ,  1009.169    ,  0.000000    ,  1009.169    ,  30.68295    ,  978.4865    ,  979.3273    , 0.8407846    , 0.8085614E-01,  1039.852    ,  12455.67    ,  12867.77    ,  9.090180    , 0.7064302E-01, 0.7064302E-01
         0.333,              ,  0.000000    ,  38.22796    ,  1038.763    ,  0.000000    ,  1038.763    ,  38.22796    ,  1000.535    ,  1001.051    , 0.5158128    , 0.4789389E-01,  1076.991    ,  13456.72    ,  13944.76    ,  9.605993    , 0.6888606E-01, 0.6888606E-01
         0.350,              ,  0.000000    ,  47.52606    ,  1084.845    ,  0.000000    ,  1084.845    ,  47.52606    ,  1037.319    ,  1037.948    , 0.6299161    , 0.5562808E-01,  1132.371    ,  14494.67    ,  15077.13    ,  10.23591    , 0.6789030E-01, 0.6789030E-01
         0.367,              ,  0.000000    ,  58.07602    ,  1147.869    ,  0.000000    ,  1147.869    ,  58.07602    ,  1089.793    ,  1091.430    ,  1.636509    , 0.1357034    ,  1205.945    ,  15586.10    ,  16283.07    ,  11.87242    , 0.7291263E-01, 0.7291263E-01
         0.383,              ,  0.000000    ,  69.86271    ,  1212.259    ,  0.000000    ,  1212.259    ,  69.86271    ,  1142.396    ,  1143.576    ,  1.179486    , 0.9199481E-01,  1282.122    ,  16729.67    ,  17565.20    ,  13.05190    , 0.7430548E-01, 0.7430548E-01
         0.400,              ,  0.000000    ,  81.76794    ,  1276.184    ,  0.000000    ,  1276.184    ,  81.76794    ,  1194.416    ,  1195.500    ,  1.084486    , 0.7986189E-01,  1357.952    ,  17925.17    ,  18923.15    ,  14.13639    , 0.7470421E-01, 0.7470421E-01
         0.417,              ,  0.000000    ,  93.61598    ,  1340.036    ,  0.000000    ,  1340.036    ,  93.61598    ,  1246.420    ,  1247.484    ,  1.063570    , 0.7418604E-01,  1433.652    ,  19172.66    ,  20356.80    ,  15.19996    , 0.7466772E-01, 0.7466772E-01
         0.433,              ,  0.000000    ,  106.0786    ,  1435.880    ,  0.000000    ,  1435.880    ,  106.0786    ,  1329.801    ,  1331.612    ,  1.810589    , 0.1174214    ,  1541.958    ,  20504.27    ,  21898.76    ,  17.01055    , 0.7767814E-01, 0.7767814E-01
         0.450,              ,  0.000000    ,  119.8379    ,  1559.345    ,  0.000000    ,  1559.345    ,  119.8379    ,  1439.507    ,  1441.687    ,  2.180206    , 0.1298373    ,  1679.183    ,  21945.96    ,  23577.94    ,  19.19075    , 0.8139283E-01, 0.8139283E-01
         0.467,              ,  0.000000    ,  134.4900    ,  1682.671    ,  0.000000    ,  1682.671    ,  134.4900    ,  1548.181    ,  1550.399    ,  2.217406    , 0.1220258    ,  1817.161    ,  23496.35    ,  25395.10    ,  21.40816    , 0.8430035E-01, 0.8430035E-01
         0.483,              ,  0.000000    ,  150.9906    ,  1806.121    ,  0.000000    ,  1806.121    ,  150.9906    ,  1655.130    ,  1657.333    ,  2.202891    , 0.1125583    ,  1957.112    ,  25153.69    ,  27352.21    ,  23.61105    , 0.8632226E-01, 0.8632226E-01
         0.500,              ,  0.000000    ,  171.3449    ,  1930.457    ,  0.000000    ,  1930.457    ,  171.3449    ,  1759.112    ,  1760.333    ,  1.221667    , 0.5812475E-01,  2101.801    ,  26914.02    ,  29454.02    ,  24.83272    , 0.8431014E-01, 0.8431014E-01
         0.517,              ,  0.000000    ,  198.3178    ,  2183.950    ,  0.000000    ,  2183.950    ,  198.3178    ,  1985.632    ,  1991.195    ,  5.562168    , 0.2334820    ,  2382.268    ,  28905.21    ,  31836.28    ,  30.39489    , 0.9547247E-01, 0.9547247E-01
         0.533,              ,  0.000000    ,  232.2995    ,  2612.315    ,  0.000000    ,  2612.315    ,  232.2995    ,  2380.016    ,  2385.221    ,  5.205344    , 0.1829894    ,  2844.615    ,  31290.44    ,  34680.90    ,  35.60023    , 0.1026508    , 0.1026508    
         0.550,              ,  0.000000    ,  273.8694    ,  3037.826    ,  0.000000    ,  3037.826    ,  273.8694    ,  2763.956    ,  2770.256    ,  6.300049    , 0.1902364    ,  3311.695    ,  34060.69    ,  37992.59    ,  41.90028    , 0.1102854    , 0.1102854    
         0.567,              ,  0.000000    ,  322.7047    ,  3465.830    ,  0.000000    ,  3465.830    ,  322.7047    ,  3143.125    ,  3147.656    ,  4.530627    , 0.1195879    ,  3788.534    ,  37208.35    ,  41781.13    ,  46.43091    , 0.1111289    , 0.1111289    
         0.583,              ,  0.000000    ,  374.3102    ,  3899.963    ,  0.000000    ,  3899.963    ,  374.3102    ,  3525.653    ,  3521.101    , -4.552715    ,-0.1065144    ,  4274.274    ,  40729.45    ,  46055.40    ,  41.87819    , 0.9093004E-01, 0.9093004E-01
         0.600,              ,  0.000000    ,  435.2405    ,  4157.793    ,  0.000000    ,  4157.793    ,  435.2405    ,  3722.553    ,  3732.774    ,  10.22123    , 0.2225376    ,  4593.034    ,  44462.22    ,  50648.44    ,  52.09942    , 0.1028648    , 0.1028648    
         0.617,              ,  0.000000    ,  499.3166    ,  4406.079    ,  0.000000    ,  4406.079    ,  499.3166    ,  3906.762    ,  3908.798    ,  2.035779    , 0.4150082E-01,  4905.395    ,  48371.02    ,  55553.83    ,  54.13520    , 0.9744638E-01, 0.9744638E-01
         0.633,              ,  0.000000    ,  562.7404    ,  4646.714    ,  0.000000    ,  4646.714    ,  562.7404    ,  4083.974    ,  4085.670    ,  1.696121    , 0.3255852E-01,  5209.455    ,  52456.69    ,  60763.29    ,  55.83132    , 0.9188332E-01, 0.9188332E-01
         0.650,              ,  0.000000    ,  636.2145    ,  4887.456    ,  0.000000    ,  4887.456    ,  636.2145    ,  4251.241    ,  4252.651    ,  1.410248    , 0.2553099E-01,  5523.670    ,  56709.34    ,  66286.96    ,  57.24157    , 0.8635420E-01, 0.8635420E-01
         0.667,              ,  0.000000    ,  744.9157    ,  5128.038    ,  0.000000    ,  5128.038    ,  744.9157    ,  4383.123    ,  4384.317    ,  1.193973    , 0.2033002E-01,  5872.954    ,  61093.66    ,  72159.91    ,  58.43554    , 0.8098062E-01, 0.8098062E-01
         0.683,              ,  0.000000    ,  877.2238    ,  5254.561    ,  0.000000    ,  5254.561    ,  877.2238    ,  4377.337    ,  4378.734    ,  1.397499    , 0.2279107E-01,  6131.784    ,  65472.39    ,  78291.69    ,  59.83304    , 0.7642323E-01, 0.7642323E-01
         0.700,              ,  0.000000    ,  1025.600    ,  5367.438    ,  0.000000    ,  5367.438    ,  1025.600    ,  4341.838    ,  4342.921    ,  1.083570    , 0.1694923E-01,  6393.037    ,  69815.31    ,  84684.73    ,  60.91661    , 0.7193340E-01, 0.7193340E-01
         0.717,              ,  0.000000    ,  1188.631    ,  5482.448    ,  0.000000    ,  5482.448    ,  1188.631    ,  4293.817    ,  4293.987    , 0.1699554    , 0.2547644E-02,  6671.080    ,  74109.30    ,  91355.81    ,  61.08657    , 0.6686664E-01, 0.6686664E-01
         0.733,              ,  0.000000    ,  1355.341    ,  5595.140    ,  0.000000    ,  5595.140    ,  1355.341    ,  4239.799    ,  4241.116    ,  1.317043    , 0.1894895E-01,  6950.480    ,  78350.42    ,  98306.29    ,  62.40361    , 0.6347875E-01, 0.6347875E-01
         0.750,              ,  0.000000    ,  1522.227    ,  5708.970    ,  0.000000    ,  5708.970    ,  1522.227    ,  4186.742    ,  4187.961    ,  1.218582    , 0.1685173E-01,  7231.197    ,  82538.38    ,  105537.5    ,  63.62219    , 0.6028397E-01, 0.6028397E-01
         0.767,              ,  0.000000    ,  1681.958    ,  5709.678    ,  0.000000    ,  5709.678    ,  1681.958    ,  4027.720    ,  4028.018    , 0.2978464    , 0.4029506E-02,  7391.635    ,  86566.40    ,  112929.1    ,  63.92004    , 0.5660190E-01, 0.5660190E-01
         0.783,              ,  0.000000    ,  1832.900    ,  5752.119    ,  0.000000    ,  5752.119    ,  1832.900    ,  3919.219    ,  3918.430    ,-0.7892260    ,-0.1040506E-01,  7585.019    ,  90484.83    ,  120514.1    ,  63.13081    , 0.5238457E-01, 0.5238457E-01
         0.800,              ,  0.000000    ,  1982.296    ,  5791.834    ,  0.000000    ,  5791.834    ,  1982.296    ,  3809.538    ,  3810.666    ,  1.128898    , 0.1452121E-01,  7774.130    ,  94295.49    ,  128288.3    ,  64.25971    , 0.5009009E-01, 0.5009009E-01
         0.817,              ,  0.000000    ,  2139.376    ,  5835.063    ,  0.000000    ,  5835.063    ,  2139.376    ,  3695.687    ,  3695.073    ,-0.6140370    ,-0.7700066E-02,  7974.439    ,  97990.57    ,  136262.7    ,  63.64567    , 0.4670806E-01, 0.4670806E-01
         0.833,              ,  0.000000    ,  2314.220    ,  5873.538    ,  0.000000    ,  5873.538    ,  2314.220    ,  3559.318    ,  3560.036    , 0.7174345    , 0.8762283E-02,  8187.757    ,  101550.6    ,  144450.5    ,  64.36311    , 0.4455721E-01, 0.4455721E-01
         0.850,              ,  0.000000    ,  2507.345    ,  5817.774    ,  0.000000    ,  5817.774    ,  2507.345    ,  3310.430    ,  3309.858    ,-0.5715265    ,-0.6865084E-02,  8325.119    ,  104860.5    ,  152775.6    ,  63.79158    , 0.4175508E-01, 0.4175508E-01
         0.867,              ,  0.000000    ,  2704.170    ,  5830.147    ,  0.000000    ,  5830.147    ,  2704.170    ,  3125.976    ,  3126.486    , 0.5092146    , 0.5966671E-02,  8534.317    ,  107986.9    ,  161309.9    ,  64.30079    , 0.3986165E-01, 0.3986165E-01
         0.883,              ,  0.000000    ,  2880.066    ,  5843.538    ,  0.000000    ,  5843.538    ,  2880.066    ,  2963.471    ,  2963.592    , 0.1208359    , 0.1385161E-02,  8723.604    ,  110950.5    ,  170033.5    ,  64.42163    , 0.3788761E-01, 0.3788761E-01
         0.900,              ,  0.000000    ,  3034.410    ,  5856.752    ,  0.000000    ,  5856.752    ,  3034.410    ,  2822.342    ,  2822.356    , 0.1355681E-01, 0.1524752E-03,  8891.162    ,  113772.9    ,  178924.7    ,  64.43519    , 0.3601247E-01, 0.3601247E-01
         0.917,              ,  0.000000    ,  3159.899    ,  5869.958    ,  0.000000    ,  5869.958    ,  3159.899    ,  2710.059    ,  2710.072    , 0.1374715E-01, 0.1522411E-03,  9029.857    ,  116483.0    ,  187954.5    ,  64.44893    , 0.3428964E-01, 0.3428964E-01
         0.933,              ,  0.000000    ,  3261.797    ,  5812.029    ,  0.000000    ,  5812.029    ,  3261.797    ,  2550.231    ,  2550.325    , 0.9402841E-01, 0.1036260E-02,  9073.826    ,  119033.3    ,  197028.4    ,  64.54296    , 0.3275821E-01, 0.3275821E-01
         0.950,              ,  0.000000    ,  3372.353    ,  5805.296    ,  0.000000    ,  5805.296    ,  3372.353    ,  2432.943    ,  2432.949    , 0.6366054E-02, 0.6936476E-04,  9177.649    ,  121466.2    ,  206206.0    ,  64.54933    , 0.3130332E-01, 0.3130332E-01
         0.967,              ,  0.000000    ,  3515.161    ,  5799.754    ,  0.000000    ,  5799.754    ,  3515.161    ,  2284.592    ,  2284.487    ,-0.1054325    ,-0.1131867E-02,  9314.915    ,  123750.7    ,  215520.9    ,  64.44390    , 0.2990146E-01, 0.2990146E-01
         0.983,              ,  0.000000    ,  3647.940    ,  5794.211    ,  0.000000    ,  5794.211    ,  3647.940    ,  2146.271    ,  2146.152    ,-0.1194204    ,-0.1264758E-02,  9442.152    ,  125896.9    ,  224963.1    ,  64.32448    , 0.2859335E-01, 0.2859335E-01
         1.000,              ,  0.000000    ,  3757.048    ,  5788.661    ,  0.000000    ,  5788.661    ,  3757.048    ,  2031.613    ,  2031.425    ,-0.1877697    ,-0.1967059E-02,  9545.709    ,  127928.3    ,  234508.8    ,  64.13671    , 0.2734938E-01, 0.2734938E-01
         1.017,              ,  0.000000    ,  3848.947    ,  5706.778    ,  0.000000    ,  5706.778    ,  3848.947    ,  1857.831    ,  1857.614    ,-0.2172865    ,-0.2273888E-02,  9555.724    ,  129785.9    ,  244064.5    ,  63.91942    , 0.2618956E-01, 0.2618956E-01
         1.033,              ,  0.000000    ,  3930.816    ,  5676.899    ,  0.000000    ,  5676.899    ,  3930.816    ,  1746.083    ,  1745.703    ,-0.3791463    ,-0.3946269E-02,  9607.715    ,  131531.6    ,  253672.2    ,  63.54027    , 0.2504818E-01, 0.2504818E-01
         1.050,              ,  0.000000    ,  4011.992    ,  5646.531    ,  0.000000    ,  5646.531    ,  4011.992    ,  1634.538    ,  1634.867    , 0.3291521    , 0.3407893E-02,  9658.523    ,  133166.5    ,  263330.7    ,  63.86943    , 0.2425445E-01, 0.2425445E-01
         1.067,              ,  0.000000    ,  4080.357    ,  5617.140    ,  0.000000    ,  5617.140    ,  4080.357    ,  1536.783    ,  1536.613    ,-0.1705401    ,-0.1758599E-02,  9697.497    ,  134703.1    ,  273028.2    ,  63.69889    , 0.2333051E-01, 0.2333051E-01
         1.083,              ,  0.000000    ,  4135.248    ,  5586.144    ,  0.000000    ,  5586.144    ,  4135.248    ,  1450.896    ,  1451.115    , 0.2183826    , 0.2246413E-02,  9721.392    ,  136154.2    ,  282749.6    ,  63.91727    , 0.2260561E-01, 0.2260561E-01
         1.100,              ,  0.000000    ,  4186.350    ,  5494.769    ,  0.000000    ,  5494.769    ,  4186.350    ,  1308.419    ,  1307.706    ,-0.7125367    ,-0.7360065E-02,  9681.119    ,  137461.9    ,  292430.8    ,  63.20473    , 0.2161357E-01, 0.2161357E-01
         1.117,              ,  0.000000    ,  4243.050    ,  5406.308    ,  0.000000    ,  5406.308    ,  4243.050    ,  1163.258    ,  1162.872    ,-0.3857224    ,-0.3997390E-02,  9649.359    ,  138624.8    ,  302080.1    ,  62.81901    , 0.2079548E-01, 0.2079548E-01
         1.133,              ,  0.000000    ,  4313.238    ,  5317.839    ,  0.000000    ,  5317.839    ,  4313.238    ,  1004.601    ,  1004.812    , 0.2113151    , 0.2194097E-02,  9631.077    ,  139629.6    ,  311711.2    ,  63.03032    , 0.2022075E-01, 0.2022075E-01
         1.150,              ,  0.000000    ,  4400.145    ,  5230.361    ,  0.000000    ,  5230.361    ,  4400.145    ,  830.2154    ,  829.9693    ,-0.2461556    ,-0.2555998E-02,  9630.506    ,  140459.6    ,  321341.7    ,  62.78417    , 0.1953813E-01, 0.1953813E-01
         1.167,              ,  0.000000    ,  4502.763    ,  5142.401    ,  0.000000    ,  5142.401    ,  4502.763    ,  639.6375    ,  639.1869    ,-0.4506440    ,-0.4672227E-02,  9645.164    ,  141098.8    ,  330986.9    ,  62.33352    , 0.1883263E-01, 0.1883263E-01
         1.183,              ,  0.000000    ,  4611.882    ,  5014.313    ,  0.000000    ,  5014.313    ,  4611.882    ,  402.4314    ,  402.4743    , 0.4287603E-01, 0.4454099E-03,  9626.195    ,  141501.2    ,  340613.1    ,  62.37640    , 0.1831298E-01, 0.1831298E-01
         1.200,              ,  0.000000    ,  4717.416    ,  4914.712    ,  0.000000    ,  4914.712    ,  4717.416    ,  197.2956    ,  196.7342    ,-0.5614348    ,-0.5828772E-02,  9632.128    ,  141698.0    ,  350245.2    ,  61.81497    , 0.1764905E-01, 0.1764905E-01
         1.217,              ,  0.000000    ,  4813.081    ,  4814.803    ,  0.000000    ,  4814.803    ,  4813.081    ,  1.722500    ,  1.813287    , 0.9078697E-01, 0.9429588E-03,  9627.884    ,  141699.8    ,  359873.1    ,  61.90575    , 0.1720211E-01, 0.1720211E-01
         1.233,              ,  0.000000    ,  4893.597    ,  4715.934    ,  0.000000    ,  4715.934    ,  4893.597    , -177.6623    , -178.1501    ,-0.4878233    ,-0.5076453E-02,  9609.531    ,  141521.6    ,  369482.6    ,  61.41793    , 0.1662269E-01, 0.1662269E-01
         1.250,              ,  0.000000    ,  4956.802    ,  4615.988    ,  0.000000    ,  4615.988    ,  4956.802    , -340.8142    , -340.7915    , 0.2268257E-01, 0.2369484E-03,  9572.790    ,  141180.8    ,  379055.4    ,  61.44061    , 0.1620887E-01, 0.1620887E-01
         1.267,              ,  0.000000    ,  5001.919    ,  4487.305    ,  0.000000    ,  4487.305    ,  5001.919    , -514.6144    , -515.9119    , -1.297494    ,-0.1367334E-01,  9489.224    ,  140664.9    ,  388544.6    ,  60.14312    , 0.1547908E-01, 0.1547908E-01
         1.283,              ,  0.000000    ,  5030.332    ,  4353.692    ,  0.000000    ,  4353.692    ,  5030.332    , -676.6407    , -678.0441    , -1.403323    ,-0.1495438E-01,  9384.024    ,  139986.9    ,  397928.6    ,  58.73980    , 0.1476139E-01, 0.1476139E-01
         1.300,              ,  0.000000    ,  5042.800    ,  4220.077    ,  0.000000    ,  4220.077    ,  5042.800    , -822.7228    , -824.1248    , -1.402082    ,-0.1513657E-01,  9262.877    ,  139162.8    ,  407191.5    ,  57.33771    , 0.1408127E-01, 0.1408127E-01
         1.317,              ,  0.000000    ,  5041.257    ,  4086.462    ,  0.000000    ,  4086.462    ,  5041.257    , -954.7943    , -956.2010    , -1.406711    ,-0.1541142E-01,  9127.719    ,  138206.6    ,  416319.2    ,  55.93100    , 0.1343464E-01, 0.1343464E-01
         1.333,              ,  0.000000    ,  5027.508    ,  3952.058    ,  0.000000    ,  3952.058    ,  5027.508    , -1075.450    , -1076.350    ,-0.8992910    ,-0.1001486E-01,  8979.566    ,  137130.2    ,  425298.8    ,  55.03171    , 0.1293954E-01, 0.1293954E-01
         1.350,              ,  0.000000    ,  5003.233    ,  3802.198    ,  0.000000    ,  3802.198    ,  5003.233    , -1201.034    , -1202.567    , -1.532907    ,-0.1740866E-01,  8805.431    ,  135927.6    ,  434104.2    ,  53.49880    , 0.1232395E-01, 0.1232395E-01
         1.367,              ,  0.000000    ,  4970.338    ,  3664.817    ,  0.000000    ,  3664.817    ,  4970.338    , -1305.521    , -1307.032    , -1.511461    ,-0.1750358E-01,  8635.155    ,  134620.6    ,  442739.4    ,  51.98734    , 0.1174220E-01, 0.1174220E-01
         1.383,              ,  0.000000    ,  4928.781    ,  3527.437    ,  0.000000    ,  3527.437    ,  4928.781    , -1401.345    , -1402.737    , -1.392429    ,-0.1646633E-01,  8456.218    ,  133217.9    ,  451195.6    ,  50.59491    , 0.1121352E-01, 0.1121352E-01
         1.400,              ,  0.000000    ,  4879.841    ,  3390.056    ,  0.000000    ,  3390.056    ,  4879.841    , -1489.785    , -1491.275    , -1.489346    ,-0.1800925E-01,  8269.897    ,  131726.6    ,  459465.5    ,  49.10557    , 0.1068754E-01, 0.1068754E-01
         1.417,              ,  0.000000    ,  4824.707    ,  3252.681    ,  0.000000    ,  3252.681    ,  4824.707    , -1572.026    , -1573.425    , -1.399312    ,-0.1732382E-01,  8077.388    ,  130153.2    ,  467542.9    ,  47.70626    , 0.1020361E-01, 0.1020361E-01
         1.433,              ,  0.000000    ,  4763.479    ,  3118.926    ,  0.000000    ,  3118.926    ,  4763.479    , -1644.553    , -1645.821    , -1.267635    ,-0.1608184E-01,  7882.404    ,  128507.4    ,  475425.3    ,  46.43862    , 0.9767806E-02, 0.9767806E-02
         1.450,              ,  0.000000    ,  4698.074    ,  2999.530    ,  0.000000    ,  2999.530    ,  4698.074    , -1698.544    , -1699.472    ,-0.9271340    ,-0.1204445E-01,  7697.604    ,  126807.9    ,  483122.9    ,  45.51149    , 0.9420271E-02, 0.9420271E-02
         1.467,              ,  0.000000    ,  4628.929    ,  2880.981    ,  0.000000    ,  2880.981    ,  4628.929    , -1747.947    , -1749.145    , -1.197894    ,-0.1595084E-01,  7509.910    ,  125058.7    ,  490632.8    ,  44.31359    , 0.9031925E-02, 0.9031925E-02
         1.483,              ,  0.000000    ,  4558.181    ,  2762.066    ,  0.000000    ,  2762.066    ,  4558.181    , -1796.116    , -1797.435    , -1.319221    ,-0.1802154E-01,  7320.247    ,  123261.3    ,  497953.0    ,  42.99437    , 0.8634222E-02, 0.8634222E-02
         1.500,              ,  0.000000    ,  4487.393    ,  2643.137    ,  0.000000    ,  2643.137    ,  4487.393    , -1844.255    , -1845.635    , -1.379832    ,-0.1935105E-01,  7130.530    ,  121415.7    ,  505083.6    ,  41.61454    , 0.8239140E-02, 0.8239140E-02
         1.517,              ,  0.000000    ,  4419.707    ,  2517.261    ,  0.000000    ,  2517.261    ,  4419.707    , -1902.445    , -1903.602    , -1.157028    ,-0.1667915E-01,  6936.968    ,  119512.1    ,  512020.5    ,  40.45751    , 0.7901541E-02, 0.7901541E-02
         1.533,              ,  0.000000    ,  4359.521    ,  2411.425    ,  0.000000    ,  2411.425    ,  4359.521    , -1948.096    , -1948.981    ,-0.8847289    ,-0.1306655E-01,  6770.946    ,  117563.1    ,  518791.5    ,  39.57278    , 0.7627878E-02, 0.7627878E-02
         1.550,              ,  0.000000    ,  4307.832    ,  2306.185    ,  0.000000    ,  2306.185    ,  4307.832    , -2001.647    , -2002.898    , -1.250453    ,-0.1890611E-01,  6614.017    ,  115560.2    ,  525405.5    ,  38.32233    , 0.7293858E-02, 0.7293858E-02
         1.567,              ,  0.000000    ,  4263.648    ,  2200.643    ,  0.000000    ,  2200.643    ,  4263.648    , -2063.005    , -2064.205    , -1.199376    ,-0.1855386E-01,  6464.290    ,  113496.0    ,  531869.8    ,  37.12295    , 0.6979707E-02, 0.6979707E-02
         1.583,              ,  0.000000    ,  4225.100    ,  2094.359    ,  0.000000    ,  2094.359    ,  4225.100    , -2130.741    , -2131.731    ,-0.9904698    ,-0.1567333E-01,  6319.459    ,  111364.2    ,  538189.3    ,  36.13248    , 0.6713714E-02, 0.6713714E-02
         1.600,              ,  0.000000    ,  4190.271    ,  1995.343    ,  0.000000    ,  1995.343    ,  4190.271    , -2194.928    , -2195.761    ,-0.8328563    ,-0.1346441E-01,  6185.614    ,  109168.5    ,  544374.9    ,  35.29963    , 0.6484434E-02, 0.6484434E-02
         1.617,              ,  0.000000    ,  4157.522    ,  1942.962    ,  0.000000    ,  1942.962    ,  4157.522    , -2214.560    , -2215.315    ,-0.7550522    ,-0.1237692E-01,  6100.484    ,  106953.2    ,  550475.4    ,  34.54458    , 0.6275408E-02, 0.6275408E-02
         1.633,              ,  0.000000    ,  4125.512    ,  1890.342    ,  0.000000    ,  1890.342    ,  4125.512    , -2235.170    , -2235.804    ,-0.6336739    ,-0.1053340E-01,  6015.853    ,  104717.4    ,  556491.2    ,  33.91090    , 0.6093699E-02, 0.6093699E-02
         1.650,              ,  0.000000    ,  4093.169    ,  1838.206    ,  0.000000    ,  1838.206    ,  4093.169    , -2254.962    , -2255.771    ,-0.8086979    ,-0.1363424E-01,  5931.375    ,  102461.6    ,  562422.6    ,  33.10220    , 0.5885647E-02, 0.5885647E-02
         1.667,              ,  0.000000    ,  4059.981    ,  1785.597    ,  0.000000    ,  1785.597    ,  4059.981    , -2274.384    , -2274.997    ,-0.6128136    ,-0.1048337E-01,  5845.578    ,  100186.6    ,  568268.2    ,  32.48939    , 0.5717264E-02, 0.5717264E-02
         1.683,              ,  0.000000    ,  4025.578    ,  1721.862    ,  0.000000    ,  1721.862    ,  4025.578    , -2303.716    , -2304.438    ,-0.7221748    ,-0.1256516E-01,  5747.439    ,  97882.16    ,  574015.6    ,  31.76722    , 0.5534207E-02, 0.5534207E-02
         1.700,              ,  0.000000    ,  3989.908    ,  1657.268    ,  0.000000    ,  1657.268    ,  3989.908    , -2332.640    , -2333.711    , -1.071493    ,-0.1897396E-01,  5647.176    ,  95548.45    ,  579662.8    ,  30.69572    , 0.5295445E-02, 0.5295445E-02
         1.717,              ,  0.000000    ,  3953.274    ,  1592.354    ,  0.000000    ,  1592.354    ,  3953.274    , -2360.919    , -2361.763    ,-0.8441575    ,-0.1522204E-01,  5545.628    ,  93186.69    ,  585208.4    ,  29.85156    , 0.5101014E-02, 0.5101014E-02
         1.733,              ,  0.000000    ,  3916.437    ,  1527.665    ,  0.000000    ,  1527.665    ,  3916.437    , -2388.772    , -2389.622    ,-0.8505122    ,-0.1562264E-01,  5444.101    ,  90797.07    ,  590652.5    ,  29.00105    , 0.4910002E-02, 0.4910002E-02
         1.750,              ,  0.000000    ,  3877.415    ,  1462.971    ,  0.000000    ,  1462.971    ,  3877.415    , -2414.444    , -2415.352    ,-0.9085031    ,-0.1701193E-01,  5340.387    ,  88381.71    ,  595992.9    ,  28.09255    , 0.4713572E-02, 0.4713572E-02
         1.767,              ,  0.000000    ,  3836.886    ,  1408.082    ,  0.000000    ,  1408.082    ,  3836.886    , -2428.804    , -2429.555    ,-0.7515328    ,-0.1432865E-01,  5244.968    ,  85952.16    ,  601237.9    ,  27.34102    , 0.4547454E-02, 0.4547454E-02
         1.783,              ,  0.000000    ,  3795.711    ,  1383.420    ,  0.000000    ,  1383.420    ,  3795.711    , -2412.291    , -2412.686    ,-0.3951972    ,-0.7630570E-02,  5179.131    ,  83539.47    ,  606417.0    ,  26.94582    , 0.4443447E-02, 0.4443447E-02
         1.800,              ,  0.000000    ,  3753.426    ,  1359.168    ,  0.000000    ,  1359.168    ,  3753.426    , -2394.258    , -2394.886    ,-0.6275618    ,-0.1227482E-01,  5112.594    ,  81144.59    ,  611529.6    ,  26.31826    , 0.4303677E-02, 0.4303677E-02
         1.817,              ,  0.000000    ,  3709.899    ,  1334.509    ,  0.000000    ,  1334.509    ,  3709.899    , -2375.390    , -2375.771    ,-0.3815944    ,-0.7564701E-02,  5044.408    ,  78768.82    ,  616574.0    ,  25.93666    , 0.4206577E-02, 0.4206577E-02
         1.833,              ,  0.000000    ,  3664.443    ,  1310.151    ,  0.000000    ,  1310.151    ,  3664.443    , -2354.292    , -2354.852    ,-0.5599407    ,-0.1125601E-01,  4974.594    ,  76413.96    ,  621548.6    ,  25.37672    , 0.4082822E-02, 0.4082822E-02
         1.850,              ,  0.000000    ,  3617.203    ,  1283.702    ,  0.000000    ,  1283.702    ,  3617.203    , -2333.501    , -2333.850    ,-0.3488887    ,-0.7118862E-02,  4900.906    ,  74080.11    ,  626449.5    ,  25.02783    , 0.3995188E-02, 0.3995188E-02
         1.867,              ,  0.000000    ,  3567.584    ,  1264.022    ,  0.000000    ,  1264.022    ,  3567.584    , -2303.562    , -2304.096    ,-0.5335961    ,-0.1104387E-01,  4831.606    ,  71776.02    ,  631281.1    ,  24.49424    , 0.3880084E-02, 0.3880084E-02
         1.883,              ,  0.000000    ,  3515.006    ,  1243.944    ,  0.000000    ,  1243.944    ,  3515.006    , -2271.062    , -2271.309    ,-0.2470456    ,-0.5191179E-02,  4758.950    ,  69504.71    ,  636040.1    ,  24.24719    , 0.3812211E-02, 0.3812211E-02
         1.900,              ,  0.000000    ,  3458.920    ,  1224.063    ,  0.000000    ,  1224.063    ,  3458.920    , -2234.857    , -2235.142    ,-0.2855850    ,-0.6098357E-02,  4682.983    ,  67269.57    ,  640723.0    ,  23.96161    , 0.3739776E-02, 0.3739776E-02
         1.917,              ,  0.000000    ,  3399.317    ,  1204.386    ,  0.000000    ,  1204.386    ,  3399.317    , -2194.931    , -2195.382    ,-0.4506200    ,-0.9788210E-02,  4603.703    ,  65074.19    ,  645326.7    ,  23.51099    , 0.3643268E-02, 0.3643268E-02
         1.933,              ,  0.000000    ,  3334.844    ,  1177.734    ,  0.000000    ,  1177.734    ,  3334.844    , -2157.111    , -2157.263    ,-0.1521952    ,-0.3372688E-02,  4512.578    ,  62916.92    ,  649839.3    ,  23.35879    , 0.3594549E-02, 0.3594549E-02
         1.950,              ,  0.000000    ,  3265.985    ,  1162.904    ,  0.000000    ,  1162.904    ,  3265.985    , -2103.081    , -2103.198    ,-0.1166862    ,-0.2634662E-02,  4428.889    ,  60813.72    ,  654268.2    ,  23.24211    , 0.3552382E-02, 0.3552382E-02
         1.967,              ,  0.000000    ,  3189.250    ,  1148.325    ,  0.000000    ,  1148.325    ,  3189.250    , -2040.925    , -2041.004    ,-0.7979577E-01,-0.1839640E-02,  4337.576    ,  58772.72    ,  658605.8    ,  23.16231    , 0.3516870E-02, 0.3516870E-02
         1.983,              ,  0.000000    ,  3106.560    ,  1133.746    ,  0.000000    ,  1133.746    ,  3106.560    , -1972.814    , -1972.859    ,-0.4542526E-01,-0.1071273E-02,  4240.307    ,  56799.86    ,  662846.1    ,  23.11688    , 0.3487519E-02, 0.3487519E-02
         2.000,              ,  0.000000    ,  3015.374    ,  1119.161    ,  0.000000    ,  1119.161    ,  3015.374    , -1896.213    , -1896.231    ,-0.1789369E-01,-0.4327859E-03,  4134.536    ,  54903.63    ,  666980.6    ,  23.09899    , 0.3463218E-02, 0.3463218E-02
         2.017,              ,  0.000000    ,  2916.108    ,  1089.297    ,  0.000000    ,  1089.297    ,  2916.108    , -1826.811    , -1826.934    ,-0.1229042    ,-0.3068459E-02,  4005.405    ,  53076.70    ,  670986.0    ,  22.97609    , 0.3424227E-02, 0.3424227E-02
         2.033,              ,  0.000000    ,  2807.157    ,  1064.451    ,  0.000000    ,  1064.451    ,  2807.157    , -1742.706    , -1743.114    ,-0.4079057    ,-0.1053582E-01,  3871.608    ,  51333.58    ,  674857.6    ,  22.56818    , 0.3344140E-02, 0.3344140E-02
         2.050,              ,  0.000000    ,  2684.439    ,  1039.185    ,  0.000000    ,  1039.185    ,  2684.439    , -1645.253    , -1645.493    ,-0.2399724    ,-0.6444593E-02,  3723.624    ,  49688.09    ,  678581.3    ,  22.32821    , 0.3290425E-02, 0.3290425E-02
         2.067,              ,  0.000000    ,  2555.277    ,  1014.335    ,  0.000000    ,  1014.335    ,  2555.277    , -1540.942    , -1541.301    ,-0.3593449    ,-0.1006678E-01,  3569.611    ,  48146.79    ,  682150.9    ,  21.96886    , 0.3220529E-02, 0.3220529E-02
         2.083,              ,  0.000000    ,  2421.123    ,  989.0237    ,  0.000000    ,  989.0237    ,  2421.123    , -1432.100    , -1432.319    ,-0.2193989    ,-0.6433707E-02,  3410.147    ,  46714.47    ,  685561.0    ,  21.74946    , 0.3172506E-02, 0.3172506E-02
         2.100,              ,  0.000000    ,  2284.805    ,  955.5706    ,  0.000000    ,  955.5706    ,  2284.805    , -1329.235    , -1329.740    ,-0.5057570    ,-0.1560797E-01,  3240.376    ,  45384.73    ,  688801.4    ,  21.24371    , 0.3084156E-02, 0.3084156E-02
         2.117,              ,  0.000000    ,  2148.859    ,  921.0917    ,  0.000000    ,  921.0917    ,  2148.859    , -1227.767    , -1228.134    ,-0.3670597    ,-0.1195654E-01,  3069.951    ,  44156.59    ,  691871.3    ,  20.87665    , 0.3017417E-02, 0.3017417E-02
         2.133,              ,  0.000000    ,  2019.045    ,  886.8140    ,  0.000000    ,  886.8140    ,  2019.045    , -1132.231    , -1132.586    ,-0.3557862    ,-0.1224375E-01,  2905.859    ,  43024.01    ,  694777.2    ,  20.52086    , 0.2953589E-02, 0.2953589E-02
         2.150,              ,  0.000000    ,  1897.486    ,  852.7250    ,  0.000000    ,  852.7250    ,  1897.486    , -1044.761    , -1045.348    ,-0.5867812    ,-0.2133586E-01,  2750.211    ,  41978.66    ,  697527.4    ,  19.93408    , 0.2857820E-02, 0.2857820E-02
         2.167,              ,  0.000000    ,  1784.283    ,  818.2546    ,  0.000000    ,  818.2546    ,  1784.283    , -966.0286    , -966.4392    ,-0.4105679    ,-0.1577567E-01,  2602.538    ,  41012.22    ,  700130.0    ,  19.52351    , 0.2788556E-02, 0.2788556E-02
         2.183,              ,  0.000000    ,  1680.102    ,  786.2125    ,  0.000000    ,  786.2125    ,  1680.102    , -893.8895    , -894.2589    ,-0.3694018    ,-0.1497789E-01,  2466.314    ,  40117.96    ,  702596.3    ,  19.15411    , 0.2726190E-02, 0.2726190E-02
         2.200,              ,  0.000000    ,  1585.464    ,  776.1133    ,  0.000000    ,  776.1133    ,  1585.464    , -809.3510    , -809.4034    ,-0.5244830E-01,-0.2220901E-02,  2361.578    ,  39308.56    ,  704957.8    ,  19.10166    , 0.2709618E-02, 0.2709618E-02
         2.217,              ,  0.000000    ,  1502.312    ,  766.5360    ,  0.000000    ,  766.5360    ,  1502.312    , -735.7759    , -735.9697    ,-0.1937624    ,-0.8540126E-02,  2268.848    ,  38572.59    ,  707226.7    ,  18.90790    , 0.2673527E-02, 0.2673527E-02
         2.233,              ,  0.000000    ,  1426.631    ,  756.7769    ,  0.000000    ,  756.7769    ,  1426.631    , -669.8545    , -670.0568    ,-0.2023175    ,-0.9266132E-02,  2183.408    ,  37902.53    ,  709410.1    ,  18.70558    , 0.2636780E-02, 0.2636780E-02
         2.250,              ,  0.000000    ,  1359.506    ,  747.0143    ,  0.000000    ,  747.0143    ,  1359.506    , -612.4918    , -612.6880    ,-0.1962075    ,-0.9314295E-02,  2106.520    ,  37289.84    ,  711516.6    ,  18.50938    , 0.2601397E-02, 0.2601397E-02
         2.267,              ,  0.000000    ,  1300.292    ,  724.3912    ,  0.000000    ,  724.3912    ,  1300.292    , -575.9009    , -576.1494    ,-0.2484759    ,-0.1227234E-01,  2024.683    ,  36713.69    ,  713541.3    ,  18.26090    , 0.2559193E-02, 0.2559193E-02
         2.283,              ,  0.000000    ,  1249.764    ,  709.0904    ,  0.000000    ,  709.0904    ,  1249.764    , -540.6735    , -540.9200    ,-0.2465365    ,-0.1258575E-01,  1958.854    ,  36172.77    ,  715500.2    ,  18.01436    , 0.2517730E-02, 0.2517730E-02
         2.300,              ,  0.000000    ,  1202.133    ,  693.7892    ,  0.000000    ,  693.7892    ,  1202.133    , -508.3440    , -508.6142    ,-0.2702702    ,-0.1425534E-01,  1895.922    ,  35664.16    ,  717396.1    ,  17.74409    , 0.2473403E-02, 0.2473403E-02
         2.317,              ,  0.000000    ,  1160.093    ,  678.4880    ,  0.000000    ,  678.4880    ,  1160.093    , -481.6051    , -481.8546    ,-0.2495751    ,-0.1357433E-01,  1838.581    ,  35182.30    ,  719234.7    ,  17.49452    , 0.2432380E-02, 0.2432380E-02
         2.333,              ,  0.000000    ,  1121.897    ,  663.0833    ,  0.000000    ,  663.0833    ,  1121.897    , -458.8141    , -459.0910    ,-0.2768866    ,-0.1551202E-01,  1784.981    ,  34723.21    ,  721019.6    ,  17.21763    , 0.2387956E-02, 0.2387956E-02
         2.350,              ,  0.000000    ,  1086.156    ,  643.7453    ,  0.000000    ,  643.7453    ,  1086.156    , -442.4112    , -442.6332    ,-0.2220239    ,-0.1283448E-01,  1729.902    ,  34280.58    ,  722749.5    ,  16.99561    , 0.2351521E-02, 0.2351521E-02
         2.367,              ,  0.000000    ,  1052.837    ,  634.1023    ,  0.000000    ,  634.1023    ,  1052.837    , -418.7347    , -418.9212    ,-0.1865010    ,-0.1105558E-01,  1686.939    ,  33861.66    ,  724436.5    ,  16.80911    , 0.2320301E-02, 0.2320301E-02
         2.383,              ,  0.000000    ,  1021.390    ,  624.4595    ,  0.000000    ,  624.4595    ,  1021.390    , -396.9300    , -397.1509    ,-0.2208528    ,-0.1341878E-01,  1645.849    ,  33464.51    ,  726082.3    ,  16.58825    , 0.2284624E-02, 0.2284624E-02
         2.400,              ,  0.000000    ,  992.3057    ,  614.8167    ,  0.000000    ,  614.8167    ,  992.3057    , -377.4890    , -377.6666    ,-0.1776314    ,-0.1105276E-01,  1607.122    ,  33086.84    ,  727689.5    ,  16.41062    , 0.2255168E-02, 0.2255168E-02
         2.417,              ,  0.000000    ,  966.2595    ,  605.1709    ,  0.000000    ,  605.1709    ,  966.2595    , -361.0886    , -361.2828    ,-0.1941232    ,-0.1235328E-01,  1571.430    ,  32725.56    ,  729260.9    ,  16.21650    , 0.2223690E-02, 0.2223690E-02
         2.433,              ,  0.000000    ,  941.3027    ,  587.0056    ,  0.000000    ,  587.0056    ,  941.3027    , -354.2971    , -354.5396    ,-0.2424800    ,-0.1586591E-01,  1528.308    ,  32371.02    ,  730789.2    ,  15.97402    , 0.2185859E-02, 0.2185859E-02
         2.450,              ,  0.000000    ,  917.8237    ,  572.3312    ,  0.000000    ,  572.3312    ,  917.8237    , -345.4925    , -345.7449    ,-0.2524638    ,-0.1694212E-01,  1490.155    ,  32025.27    ,  732279.3    ,  15.72155    , 0.2146934E-02, 0.2146934E-02
         2.467,              ,  0.000000    ,  895.8726    ,  557.7529    ,  0.000000    ,  557.7529    ,  895.8726    , -338.1197    , -338.3828    ,-0.2630958    ,-0.1809928E-01,  1453.625    ,  31686.89    ,  733733.0    ,  15.45846    , 0.2106823E-02, 0.2106823E-02
         2.483,              ,  0.000000    ,  875.3860    ,  543.1746    ,  0.000000    ,  543.1746    ,  875.3860    , -332.2115    , -332.4885    ,-0.2770127    ,-0.1952773E-01,  1418.561    ,  31354.40    ,  735151.5    ,  15.18145    , 0.2065077E-02, 0.2065077E-02
         2.500,              ,  0.000000    ,  855.6094    ,  528.5936    ,  0.000000    ,  528.5936    ,  855.6094    , -327.0158    , -327.2971    ,-0.2812996    ,-0.2032213E-01,  1384.203    ,  31027.11    ,  736535.7    ,  14.90015    , 0.2023004E-02, 0.2023004E-02
         2.517,              ,  0.000000    ,  836.8206    ,  513.6649    ,  0.000000    ,  513.6649    ,  836.8206    , -323.1557    , -323.4380    ,-0.2822759    ,-0.2090181E-01,  1350.485    ,  30703.67    ,  737886.2    ,  14.61787    , 0.1981047E-02, 0.1981047E-02
         2.533,              ,  0.000000    ,  819.8918    ,  498.3637    ,  0.000000    ,  498.3637    ,  819.8918    , -321.5280    , -321.8049    ,-0.2768856    ,-0.2100394E-01,  1318.256    ,  30381.86    ,  739204.5    ,  14.34099    , 0.1940057E-02, 0.1940057E-02
         2.550,              ,  0.000000    ,  803.5961    ,  483.0625    ,  0.000000    ,  483.0625    ,  803.5961    , -320.5336    , -320.8126    ,-0.2790115    ,-0.2168497E-01,  1286.659    ,  30061.05    ,  740491.1    ,  14.06197    , 0.1899006E-02, 0.1899006E-02
         2.567,              ,  0.000000    ,  787.5271    ,  467.7613    ,  0.000000    ,  467.7613    ,  787.5271    , -319.7658    , -320.0650    ,-0.2992203    ,-0.2383678E-01,  1255.288    ,  29740.99    ,  741746.4    ,  13.76275    , 0.1855453E-02, 0.1855453E-02
         2.583,              ,  0.000000    ,  772.2254    ,  452.4623    ,  0.000000    ,  452.4623    ,  772.2254    , -319.7631    , -320.0682    ,-0.3051453    ,-0.2491617E-01,  1224.688    ,  29420.92    ,  742971.1    ,  13.45761    , 0.1811323E-02, 0.1811323E-02
         2.600,              ,  0.000000    ,  759.3088    ,  439.9063    ,  0.000000    ,  439.9063    ,  759.3088    , -319.4025    , -319.6263    ,-0.2237466    ,-0.1865776E-01,  1199.215    ,  29101.29    ,  744170.3    ,  13.23386    , 0.1778338E-02, 0.1778338E-02
         2.617,              ,  0.000000    ,  744.8817    ,  430.2634    ,  0.000000    ,  430.2634    ,  744.8817    , -314.6183    , -314.7896    ,-0.1713034    ,-0.1457721E-01,  1175.145    ,  28786.50    ,  745345.5    ,  13.06256    , 0.1752551E-02, 0.1752551E-02
         2.633,              ,  0.000000    ,  731.0505    ,  420.6205    ,  0.000000    ,  420.6205    ,  731.0505    , -310.4300    , -310.6482    ,-0.2181882    ,-0.1894536E-01,  1151.671    ,  28475.85    ,  746497.1    ,  12.84437    , 0.1720619E-02, 0.1720619E-02
         2.650,              ,  0.000000    ,  720.7313    ,  410.9777    ,  0.000000    ,  410.9777    ,  720.7313    , -309.7536    , -309.9646    ,-0.2110267    ,-0.1864673E-01,  1131.709    ,  28165.89    ,  747628.9    ,  12.63334    , 0.1689788E-02, 0.1689788E-02
         2.667,              ,  0.000000    ,  707.5054    ,  401.3329    ,  0.000000    ,  401.3329    ,  707.5054    , -306.1724    , -306.3261    ,-0.1536370    ,-0.1385568E-01,  1108.838    ,  27859.56    ,  748737.7    ,  12.47971    , 0.1666766E-02, 0.1666766E-02
         2.683,              ,  0.000000    ,  693.5580    ,  388.4578    ,  0.000000    ,  388.4578    ,  693.5580    , -305.1003    , -305.3326    ,-0.2322604    ,-0.2146553E-01,  1082.016    ,  27554.23    ,  749819.7    ,  12.24745    , 0.1633386E-02, 0.1633386E-02
         2.700,              ,  0.000000    ,  679.7562    ,  373.8673    ,  0.000000    ,  373.8673    ,  679.7562    , -305.8888    , -306.1500    ,-0.2611671    ,-0.2478752E-01,  1053.623    ,  27248.08    ,  750873.3    ,  11.98628    , 0.1596312E-02, 0.1596312E-02
         2.717,              ,  0.000000    ,  666.7471    ,  359.2890    ,  0.000000    ,  359.2890    ,  666.7471    , -307.4581    , -307.7124    ,-0.2543302    ,-0.2478765E-01,  1026.036    ,  26940.37    ,  751899.4    ,  11.73195    , 0.1560308E-02, 0.1560308E-02
         2.733,              ,  0.000000    ,  651.9000    ,  344.7107    ,  0.000000    ,  344.7107    ,  651.9000    , -307.1893    , -307.4754    ,-0.2860371    ,-0.2870099E-01,  996.6107    ,  26632.89    ,  752896.0    ,  11.44591    , 0.1520251E-02, 0.1520251E-02
         2.750,              ,  0.000000    ,  637.5865    ,  330.1307    ,  0.000000    ,  330.1307    ,  637.5865    , -307.4558    , -307.7489    ,-0.2931354    ,-0.3029143E-01,  967.7172    ,  26325.14    ,  753863.7    ,  11.15278    , 0.1479415E-02, 0.1479415E-02
         2.767,              ,  0.000000    ,  623.4526    ,  314.9068    ,  0.000000    ,  314.9068    ,  623.4526    , -308.5458    , -308.8169    ,-0.2710286    ,-0.2888324E-01,  938.3594    ,  26016.33    ,  754802.1    ,  10.88175    , 0.1441669E-02, 0.1441669E-02
         2.783,              ,  0.000000    ,  609.8929    ,  299.0033    ,  0.000000    ,  299.0033    ,  609.8929    , -310.8896    , -311.1826    ,-0.2929228    ,-0.3222841E-01,  908.8962    ,  25705.14    ,  755711.0    ,  10.58882    , 0.1401174E-02, 0.1401174E-02
         2.800,              ,  0.000000    ,  597.8518    ,  283.0997    ,  0.000000    ,  283.0997    ,  597.8518    , -314.7521    , -315.0455    ,-0.2934034    ,-0.3330528E-01,  880.9515    ,  25390.10    ,  756591.9    ,  10.29542    , 0.1360763E-02, 0.1360763E-02
         2.817,              ,  0.000000    ,  587.6325    ,  267.1960    ,  0.000000    ,  267.1960    ,  587.6325    , -320.4365    , -320.7252    ,-0.2887079    ,-0.3377378E-01,  854.8286    ,  25069.37    ,  757446.7    ,  10.00671    , 0.1321111E-02, 0.1321111E-02
         2.833,              ,  0.000000    ,  573.2436    ,  251.2946    ,  0.000000    ,  251.2946    ,  573.2436    , -321.9489    , -322.2391    ,-0.2901844    ,-0.3519357E-01,  824.5382    ,  24747.13    ,  758271.3    ,  9.716529    , 0.1281405E-02, 0.1281405E-02
         2.850,              ,  0.000000    ,  562.7318    ,  236.4474    ,  0.000000    ,  236.4474    ,  562.7318    , -326.2844    , -326.5434    ,-0.2589980    ,-0.3240800E-01,  799.1792    ,  24420.59    ,  759070.4    ,  9.457531    , 0.1245936E-02, 0.1245936E-02
         2.867,              ,  0.000000    ,  551.3598    ,  222.6378    ,  0.000000    ,  222.6378    ,  551.3598    , -328.7220    , -328.9599    ,-0.2378789    ,-0.3073381E-01,  773.9977    ,  24091.63    ,  759844.4    ,  9.219652    , 0.1213361E-02, 0.1213361E-02
         2.883,              ,  0.000000    ,  539.6955    ,  208.8283    ,  0.000000    ,  208.8283    ,  539.6955    , -330.8671    , -331.1204    ,-0.2532658    ,-0.3383537E-01,  748.5238    ,  23760.51    ,  760593.0    ,  8.966386    , 0.1178868E-02, 0.1178868E-02
         2.900,              ,  0.000000    ,  528.1165    ,  195.0188    ,  0.000000    ,  195.0188    ,  528.1165    , -333.0977    , -333.3809    ,-0.2831736    ,-0.3915913E-01,  723.1354    ,  23427.13    ,  761316.1    ,  8.683213    , 0.1140553E-02, 0.1140553E-02
         2.917,              ,  0.000000    ,  516.3610    ,  181.2086    ,  0.000000    ,  181.2086    ,  516.3610    , -335.1524    , -335.3876    ,-0.2351969    ,-0.3371662E-01,  697.5696    ,  23091.74    ,  762013.7    ,  8.448016    , 0.1108643E-02, 0.1108643E-02
         2.933,              ,  0.000000    ,  504.6153    ,  169.8691    ,  0.000000    ,  169.8691    ,  504.6153    , -334.7461    , -334.9455    ,-0.1994121    ,-0.2956512E-01,  674.4844    ,  22756.80    ,  762688.2    ,  8.248604    , 0.1081517E-02, 0.1081517E-02
         2.950,              ,  0.000000    ,  492.4054    ,  161.3124    ,  0.000000    ,  161.3124    ,  492.4054    , -331.0931    , -331.2603    ,-0.1672508    ,-0.2558455E-01,  653.7178    ,  22425.54    ,  763341.9    ,  8.081353    , 0.1058681E-02, 0.1058681E-02
         2.967,              ,  0.000000    ,  477.7620    ,  152.7582    ,  0.000000    ,  152.7582    ,  477.7620    , -325.0038    , -325.1501    ,-0.1462984    ,-0.2320281E-01,  630.5201    ,  22100.39    ,  763972.4    ,  7.935054    , 0.1038657E-02, 0.1038657E-02
         2.983,              ,  0.000000    ,  464.8023    ,  144.2039    ,  0.000000    ,  144.2039    ,  464.8023    , -320.5983    , -320.7438    ,-0.1454724    ,-0.2388685E-01,  609.0062    ,  21779.64    ,  764581.4    ,  7.789582    , 0.1018803E-02, 0.1018803E-02
         3.000,              ,  0.000000    ,  457.9398    ,  135.6490    ,  0.000000    ,  135.6490    ,  457.9398    , -322.2907    , -322.4319    ,-0.1411618    ,-0.2378108E-01,  593.5888    ,  21457.21    ,  765175.0    ,  7.648420    , 0.9995649E-03, 0.9995649E-03
